version https://git-lfs.github.com/spec/v1
oid sha256:d64fa61ad1d3c373e1d8fc9274d1a80a1b2aacff07b6eb254bcc0998934615da
size 2134
